LIBER IV EXOURSUSI ⁴ 285

“secondo 10 0101110110 00010010010, 1010 significare, nou 011 il

betisi 0110 0100110110 1011000110, 1110100 0011 10000011010101100-
001100001010000110 0110 grandem 11000110. Che 0 questo punto
1111011100 10 000100010ηο συνιζήσεις 010 Epicuro 0100010 001 011
11011001 1101000010 01001000000 01 010 01101010) Queeta difficoltb„
101 10010, 1010 010101010 0100 00110 001111110110 100111 01010000·

0011 11 11010010 00010001 10 visione, non 001001001ἰοί 0010110110ῃί
degli 0000111, 010 00010 00110 000001011000 dell’ooohio, 100010010οἰ
, 10 1010100101 000 0100001101ιί 0100110 00010011 00000110 010000-
zioui 10011 0000111 (1011 00010, 0118 10).

1110110 argomento 111-114 0011011000 1 100110, 0010010 100
’ 010110 0000011001111 0011001000.

..η-*-

(111010010011100111010 100110 10110 10 0100110 1010100100 1100100101110

0011000110 100 0111100. Cib 101010 1110, perlui, 0101000110 1011010100, 10-
, 00111010 00000110, 011 1101001010 - 01 01010 010 001000 [10010110 - 10011 11011
i ,0011111101οᾐ Epium-03 1110, dunque, 001 obre 10 01010 11 10110, 010 011 11011 11
1 0000 011 010011 1011010110 - 0011 10110 0001110 - 01111000 0110 0001110 1101010·
¹ 0101111,01110100 10010000100111000111 1111110110 10 modo 10 presentare 0110

000111000010111100100 00010010010100010 1100100101110. He 00010 01 00100010 0011
quoto 101101 (1100011 010 10100011110110100010111001001011000110 101110, 1 in·

³ eompronelbile 110110 100110 0010010ος 0 1010 auehe 011, 0010110 001 1000000011110
3 10 0010011000 1011001001011010010100110000111. 110010 0101001010 11 101011-

1010, 1110 001110 00 0010011οο 00000110, 10 00100011000 011, 10100 questu: 1101101110

3 1000011011000, 10110 0 0. 118, 010 de 00 0000110, 00010100 00 quadro, 0000 0010001

11011 uon 00110010 00110 111011000 1111110 1010011 0 01, 00010 00100011001010 0110

- 000 0000111010, 100 00010 1010110 10 111011001 oblique deventi 0 01. cib 00010,

00 1010011 01 quadro, 11010010 quelche metro, o'b 000 0001110, 1 011010 010, 1010
1110010000 0010010 0 1110100000 10011111 10011 01100011 idoli, 10 00 101000 mini·
0100101010 0001110 0011 1010110 ·- noo 11101 de 00 101010 0100010 idolo 101 000·
110 - 010 10 0011100110 1111011,010011 00010 0000 0001110, 00110011 10 101111
punt! 101 quadro. 110 συνίζησις 11101100000101110100 001110011011 1110101 idoli
10110110 0 0001110110 0000010 10 110010001110111111100100 dei quadro 101010. Μο
10 questo modo 1100 0110111 010110010 010 101100001001110 1110010 1110100 001-
110011011011010 0101000 lu 1110001010 0001001000, 100110010 0001 110110110οο 0 re·
101110110000111000 1100111,00010 di 010000 11011 1100100100 10110000110111
001 000010, 001110 10010 possibile 10 0010011000 10110 010010110 10010 (101100001101
Une 11000010 0 10110 0 1100000010 1111100111 potrebbe, 001 0110111010, 00001 queste:
0001110 01 00010110 (010 Epicuro 010010110οι0) 00110 0001110 00010 00 00000 10110
1110110οο di 01010010010 10110 1101100111011010. ,

110 10110 uuo 00011110 mo 10 0001110 0000 due. como 00100010 Epicuro 11
10110 010 0011100 00011000101100101000100100οη 00001101 10100110101101010·
111110.

 

