LIBER V 10001012 125
1919 91 9191191 999199919 1119 concessit in unum

9939119 sunt, prolemque ex 99 111919 91991919,
1919 39999 1191999991 91191919 mollescere eoepit.

——--—-.-.

e 9113199191191911319119 1119-1238. 1199911199 9139199911 919999
bene 999991911, 9 93319911 911911911911999 39991919 19119 9113191
19119 9991119919 9991919 919199919911 911111. 1191911919 1193319919
9991911919 999 119 9119 11 breno loss-1102 (99919 199919 eonobbo
il fuooo); 9111 1919111 19339919 1103 933. 19 9939119 9 1025 911919
9911119-199991199111ε 1999 9191 19119 9919991 191199999199911919
999911919111191191919, 9 9919111 99 911991919 191191119 11 19·
miglis, e repperti 11 919191119 119 119199 199113119, 9 99999999 911-
1999991999 99999 11 benevolenze 9 11 11999119911911919, 99999
9 1119, 1103 933, 99919 questi primi 391911 spontanei 91 91913999919
9 1911119999919 991 199919 1919199919919911199919, 9 999191999919
1111111111 11111ἔὲῗέ11 tontumtill}tltsltt'lltet
91999 momentulo, 99119111 1919199919 119191111 19 99999919 119311
1111111111 ttulit lttllttttltrlttltlt 1111111 ll?
9999919 9119 Ι9991991999 191 Lachmann, 991999 199 9 11118, 911919
108919 919911 “ee 19191991919999 9199 linguae usu esse non 9919·
1991 ,, 999191999999399919 919991991911102610881 999 9111911999
9119 919119919 991 1119119 999119 19 1199999111999 991999911919,
1119 9119 99919 91 990 1199991919 9119 999119 moe-1025 9999993999
31119 1199 111193993319. 11 Κ999993. (9919119999. 9. 311 19919
11 9919 119999119 11 199911011999 1025, eliminando 1991191104.
Per 199191999 9991119111 ὸ 1199399 1911939919119 1102 9 1103 933.
- 119119919 999119 19119 999919 99119 ὁ 91999 11 osservszioni
99919 9 di 1999111 1191991911.

199910191199911191999191919 9 9191191919 119911 19119
intemperie, 99 anne, pelli, fuooo: di 991999119919191111999 11-
moro, 9 99119 11999 11119919 99 9111191919 11 1991 99999111. La 1119
9111 199119 9 1919919 piu 199119 191919911199999 19 999 99119 19 111119

· 119199; 919 1119111991131199919199191999119 9991119919 999 19
19999 9 99111311 9111139311 991191, 9119 11199199 999991 1199911-
menti e rapporti di benevolenzo auehe 11999119 9191913119 1191991
9 9991 9191119399 1199911111199199 11999119, 919919199 9119911919
99 99999 11 11399119 1919911911911, 99 albore 19199999 della 319·
911119. 119991 primo 919119 1199991 919999111 9111119911999919·
1199199919 - 91 9911999919 999911911999 ·- 9999999 99119 mag·
3191 99119 11 99311 9919191 999119 999 9999119919 999919999;
99919 11 9119 11 lerose 1911919 939191199 9111911119 19119919391199·
199919999119999991119,9ὸ 999919 911911119 991919 durare, 919
19119 991999 91 991911119 119119119. 099919 999911911999 19 19119·
crenis, 19191911999 91 911991919 99199199 9119, 99199 [19919119 stesso
11991911119 999919 319911119 119 9119113199 9111119119, 9 9119919
991 119191 19119 9999 (1142 933). Oro, 9999119 il poete, 91 1911119191
191911911 9999111999 19199991 pene ne 99191111 999111199 991 ,

 

